1
10000
100
2
3
3
10
6
6
10
1 1 1 2
1 1 2 3
1 1 3 3
1 2 1 0
1 2 2 0
1 2 3 0
1 3 1 13
1 3 2 12
1 3 3 10
2 1 1 14
2 1 2 8
2 1 3 6
2 2 1 9
2 2 2 9
2 2 3 11
2 3 1 3
2 3 2 3
2 3 3 4
1 1 8
1 2 0
1 3 35
2 1 28
2 2 29
2 3 10
1 1 1
1 2 0
1 3 1
1 4 1
1 5 1
1 6 1
1 7 1
1 8 0
1 9 1
1 10 1
2 1 0
2 2 1
2 3 1
2 4 1
2 5 0
2 6 0
2 7 1
2 8 1
2 9 1
2 10 1
3 1 0
3 2 0
3 3 0
3 4 1
3 5 0
3 6 1
3 7 1
3 8 0
3 9 1
3 10 1
1 0.37272727272727274
2 0.3181818181818182
3 0.6909090909090909
4 1.0
5 0.37272727272727274
6 0.6818181818181818
7 1.0
8 0.3181818181818182
9 1.0
10 1.0
