1
10000
100
2
3
3
10
6
6
10
1 1 1 3
1 1 2 6
1 1 3 3
1 2 1 5
1 2 2 10
1 2 3 8
1 3 1 0
1 3 2 0
1 3 3 0
2 1 1 16
2 1 2 16
2 1 3 11
2 2 1 8
2 2 2 5
2 2 3 4
2 3 1 5
2 3 2 6
2 3 3 4
1 1 12
1 2 23
1 3 0
2 1 43
2 2 17
2 3 15
1 1 1
1 2 0
1 3 1
1 4 1
1 5 1
1 6 1
1 7 1
1 8 0
1 9 1
1 10 1
2 1 0
2 2 1
2 3 1
2 4 1
2 5 0
2 6 0
2 7 1
2 8 1
2 9 1
2 10 1
3 1 0
3 2 0
3 3 0
3 4 1
3 5 0
3 6 1
3 7 1
3 8 0
3 9 1
3 10 1
1 0.33636363636363636
2 0.39090909090909093
3 0.7272727272727273
4 1.0
5 0.33636363636363636
6 0.6090909090909091
7 1.0
8 0.39090909090909093
9 1.0
10 1.0
