1
10000
100
2
3
3
10
6
6
10
1 1 1 3
1 1 2 6
1 1 3 8
1 2 1 7
1 2 2 3
1 2 3 2
1 3 1 5
1 3 2 4
1 3 3 11
2 1 1 15
2 1 2 12
2 1 3 15
2 2 1 3
2 2 2 1
2 2 3 2
2 3 1 8
2 3 2 1
2 3 3 4
1 1 17
1 2 12
1 3 20
2 1 42
2 2 6
2 3 13
1 1 1
1 2 0
1 3 1
1 4 1
1 5 1
1 6 1
1 7 1
1 8 0
1 9 1
1 10 1
2 1 0
2 2 1
2 3 1
2 4 1
2 5 0
2 6 0
2 7 1
2 8 1
2 9 1
2 10 1
3 1 0
3 2 0
3 3 0
3 4 1
3 5 0
3 6 1
3 7 1
3 8 0
3 9 1
3 10 1
1 0.37272727272727274
2 0.24545454545454545
3 0.6181818181818182
4 1.0
5 0.37272727272727274
6 0.7545454545454545
7 1.0
8 0.24545454545454545
9 1.0
10 1.0
