1
10000
100
2
3
3
10
6
6
10
1 1 1 2
1 1 2 5
1 1 3 3
1 2 1 2
1 2 2 2
1 2 3 4
1 3 1 4
1 3 2 12
1 3 3 10
2 1 1 11
2 1 2 17
2 1 3 14
2 2 1 7
2 2 2 8
2 2 3 5
2 3 1 1
2 3 2 2
2 3 3 1
1 1 10
1 2 8
1 3 26
2 1 42
2 2 20
2 3 4
1 1 1
1 2 0
1 3 1
1 4 1
1 5 1
1 6 1
1 7 1
1 8 0
1 9 1
1 10 1
2 1 0
2 2 1
2 3 1
2 4 1
2 5 0
2 6 0
2 7 1
2 8 1
2 9 1
2 10 1
3 1 0
3 2 0
3 3 0
3 4 1
3 5 0
3 6 1
3 7 1
3 8 0
3 9 1
3 10 1
1 0.24545454545454545
2 0.41818181818181815
3 0.6636363636363637
4 1.0
5 0.24545454545454545
6 0.5818181818181818
7 1.0
8 0.41818181818181815
9 1.0
10 1.0
