1
10000
100
2
3
3
10
6
6
10
1 1 1 4
1 1 2 7
1 1 3 6
1 2 1 0
1 2 2 0
1 2 3 0
1 3 1 11
1 3 2 15
1 3 3 9
2 1 1 12
2 1 2 12
2 1 3 13
2 2 1 7
2 2 2 2
2 2 3 9
2 3 1 1
2 3 2 1
2 3 3 1
1 1 17
1 2 0
1 3 35
2 1 37
2 2 18
2 3 3
1 1 1
1 2 0
1 3 1
1 4 1
1 5 1
1 6 1
1 7 1
1 8 0
1 9 1
1 10 1
2 1 0
2 2 1
2 3 1
2 4 1
2 5 0
2 6 0
2 7 1
2 8 1
2 9 1
2 10 1
3 1 0
3 2 0
3 3 0
3 4 1
3 5 0
3 6 1
3 7 1
3 8 0
3 9 1
3 10 1
1 0.3181818181818182
2 0.33636363636363636
3 0.6545454545454545
4 1.0
5 0.3181818181818182
6 0.6636363636363637
7 1.0
8 0.33636363636363636
9 1.0
10 1.0
