1
10000
100
2
3
3
10
6
6
10
1 1 1 4
1 1 2 5
1 1 3 3
1 2 1 2
1 2 2 4
1 2 3 2
1 3 1 3
1 3 2 9
1 3 3 8
2 1 1 9
2 1 2 19
2 1 3 13
2 2 1 5
2 2 2 8
2 2 3 3
2 3 1 3
2 3 2 7
2 3 3 3
1 1 12
1 2 8
1 3 20
2 1 41
2 2 16
2 3 13
1 1 1
1 2 0
1 3 1
1 4 1
1 5 1
1 6 1
1 7 1
1 8 0
1 9 1
1 10 1
2 1 0
2 2 1
2 3 1
2 4 1
2 5 0
2 6 0
2 7 1
2 8 1
2 9 1
2 10 1
3 1 0
3 2 0
3 3 0
3 4 1
3 5 0
3 6 1
3 7 1
3 8 0
3 9 1
3 10 1
1 0.23636363636363636
2 0.4727272727272727
3 0.7090909090909091
4 1.0
5 0.23636363636363636
6 0.5272727272727272
7 1.0
8 0.4727272727272727
9 1.0
10 1.0
