1
10000
100
2
3
3
10
6
6
10
1 1 1 4
1 1 2 7
1 1 3 4
1 2 1 4
1 2 2 10
1 2 3 5
1 3 1 0
1 3 2 2
1 3 3 1
2 1 1 24
2 1 2 15
2 1 3 15
2 2 1 9
2 2 2 6
2 2 3 3
2 3 1 4
2 3 2 4
2 3 3 3
1 1 15
1 2 19
1 3 3
2 1 54
2 2 18
2 3 11
1 1 1
1 2 0
1 3 1
1 4 1
1 5 1
1 6 1
1 7 1
1 8 0
1 9 1
1 10 1
2 1 0
2 2 1
2 3 1
2 4 1
2 5 0
2 6 0
2 7 1
2 8 1
2 9 1
2 10 1
3 1 0
3 2 0
3 3 0
3 4 1
3 5 0
3 6 1
3 7 1
3 8 0
3 9 1
3 10 1
1 0.375
2 0.36666666666666664
3 0.7416666666666667
4 1.0
5 0.375
6 0.6333333333333333
7 1.0
8 0.36666666666666664
9 1.0
10 1.0
