1
10000
100
2
3
3
10
6
6
10
1 1 1 12
1 1 2 4
1 1 3 5
1 2 1 8
1 2 2 6
1 2 3 10
1 3 1 3
1 3 2 1
1 3 3 2
2 1 1 11
2 1 2 15
2 1 3 16
2 2 1 5
2 2 2 11
2 2 3 7
2 3 1 2
2 3 2 1
2 3 3 1
1 1 21
1 2 24
1 3 6
2 1 42
2 2 23
2 3 4
1 1 1
1 2 0
1 3 1
1 4 1
1 5 1
1 6 1
1 7 1
1 8 0
1 9 1
1 10 1
2 1 0
2 2 1
2 3 1
2 4 1
2 5 0
2 6 0
2 7 1
2 8 1
2 9 1
2 10 1
3 1 0
3 2 0
3 3 0
3 4 1
3 5 0
3 6 1
3 7 1
3 8 0
3 9 1
3 10 1
1 0.3416666666666667
2 0.31666666666666665
3 0.6583333333333333
4 1.0
5 0.3416666666666667
6 0.6833333333333333
7 1.0
8 0.31666666666666665
9 1.0
10 1.0
