1
10000
100
2
3
3
10
6
6
10
1 1 1 4
1 1 2 1
1 1 3 1
1 2 1 1
1 2 2 10
1 2 3 5
1 3 1 2
1 3 2 0
1 3 3 2
2 1 1 4
2 1 2 1
2 1 3 11
2 2 1 2
2 2 2 4
2 2 3 5
2 3 1 4
2 3 2 8
2 3 3 5
1 1 6
1 2 16
1 3 4
2 1 16
2 2 11
2 3 17
1 1 1
1 2 0
1 3 1
1 4 1
1 5 1
1 6 1
1 7 1
1 8 0
1 9 1
1 10 1
2 1 0
2 2 1
2 3 1
2 4 1
2 5 0
2 6 0
2 7 1
2 8 1
2 9 1
2 10 1
3 1 0
3 2 0
3 3 0
3 4 1
3 5 0
3 6 1
3 7 1
3 8 0
3 9 1
3 10 1
1 0.24285714285714285
2 0.34285714285714286
3 0.5857142857142857
4 1.0
5 0.24285714285714285
6 0.6571428571428571
7 1.0
8 0.34285714285714286
9 1.0
10 1.0
