1
10000
100
2
3
3
10
6
6
10
1 1 1 1
1 1 2 2
1 1 3 5
1 2 1 4
1 2 2 6
1 2 3 7
1 3 1 0
1 3 2 1
1 3 3 0
2 1 1 9
2 1 2 7
2 1 3 10
2 2 1 6
2 2 2 6
2 2 3 6
2 3 1 0
2 3 2 0
2 3 3 0
1 1 8
1 2 17
1 3 1
2 1 26
2 2 18
2 3 0
1 1 1
1 2 0
1 3 1
1 4 1
1 5 1
1 6 1
1 7 1
1 8 0
1 9 1
1 10 1
2 1 0
2 2 1
2 3 1
2 4 1
2 5 0
2 6 0
2 7 1
2 8 1
2 9 1
2 10 1
3 1 0
3 2 0
3 3 0
3 4 1
3 5 0
3 6 1
3 7 1
3 8 0
3 9 1
3 10 1
1 0.2857142857142857
2 0.3142857142857143
3 0.6
4 1.0
5 0.2857142857142857
6 0.6857142857142857
7 1.0
8 0.3142857142857143
9 1.0
10 1.0
