1
10000
100
2
3
3
10
6
6
10
1 1 1 3
1 1 2 5
1 1 3 3
1 2 1 7
1 2 2 4
1 2 3 1
1 3 1 6
1 3 2 6
1 3 3 9
2 1 1 8
2 1 2 11
2 1 3 7
2 2 1 8
2 2 2 4
2 2 3 7
2 3 1 0
2 3 2 1
2 3 3 0
1 1 11
1 2 12
1 3 21
2 1 26
2 2 19
2 3 1
1 1 1
1 2 0
1 3 1
1 4 1
1 5 1
1 6 1
1 7 1
1 8 0
1 9 1
1 10 1
2 1 0
2 2 1
2 3 1
2 4 1
2 5 0
2 6 0
2 7 1
2 8 1
2 9 1
2 10 1
3 1 0
3 2 0
3 3 0
3 4 1
3 5 0
3 6 1
3 7 1
3 8 0
3 9 1
3 10 1
1 0.35555555555555557
2 0.34444444444444444
3 0.7
4 1.0
5 0.35555555555555557
6 0.6555555555555556
7 1.0
8 0.34444444444444444
9 1.0
10 1.0
