1
10000
100
2
3
3
10
6
6
10
1 1 1 3
1 1 2 4
1 1 3 2
1 2 1 7
1 2 2 9
1 2 3 6
1 3 1 1
1 3 2 0
1 3 3 0
2 1 1 12
2 1 2 15
2 1 3 12
2 2 1 1
2 2 2 2
2 2 3 0
2 3 1 7
2 3 2 4
2 3 3 5
1 1 9
1 2 22
1 3 1
2 1 39
2 2 3
2 3 16
1 1 1
1 2 0
1 3 1
1 4 1
1 5 1
1 6 1
1 7 1
1 8 0
1 9 1
1 10 1
2 1 0
2 2 1
2 3 1
2 4 1
2 5 0
2 6 0
2 7 1
2 8 1
2 9 1
2 10 1
3 1 0
3 2 0
3 3 0
3 4 1
3 5 0
3 6 1
3 7 1
3 8 0
3 9 1
3 10 1
1 0.34444444444444444
2 0.37777777777777777
3 0.7222222222222222
4 1.0
5 0.34444444444444444
6 0.6222222222222222
7 1.0
8 0.37777777777777777
9 1.0
10 1.0
