1
10000
100
2
3
3
10
6
6
10
1 1 1 5
1 1 2 2
1 1 3 5
1 2 1 4
1 2 2 1
1 2 3 2
1 3 1 9
1 3 2 2
1 3 3 6
2 1 1 8
2 1 2 6
2 1 3 12
2 2 1 3
2 2 2 2
2 2 3 3
2 3 1 4
2 3 2 10
2 3 3 6
1 1 12
1 2 7
1 3 17
2 1 26
2 2 8
2 3 20
1 1 1
1 2 0
1 3 1
1 4 1
1 5 1
1 6 1
1 7 1
1 8 0
1 9 1
1 10 1
2 1 0
2 2 1
2 3 1
2 4 1
2 5 0
2 6 0
2 7 1
2 8 1
2 9 1
2 10 1
3 1 0
3 2 0
3 3 0
3 4 1
3 5 0
3 6 1
3 7 1
3 8 0
3 9 1
3 10 1
1 0.36666666666666664
2 0.25555555555555554
3 0.6222222222222222
4 1.0
5 0.36666666666666664
6 0.7444444444444445
7 1.0
8 0.25555555555555554
9 1.0
10 1.0
