1
10000
100
2
4
3
10
3
3
5
1 1 1 1
1 1 2 4
1 1 3 1
1 2 1 0
1 2 2 0
1 2 3 2
1 3 1 1
1 3 2 2
1 3 3 0
1 4 1 0
1 4 2 1
1 4 3 3
2 1 1 1
2 1 2 2
2 1 3 1
2 2 1 2
2 2 2 2
2 2 3 0
2 3 1 0
2 3 2 2
2 3 3 1
2 4 1 1
2 4 2 3
2 4 3 0
1 1 6
1 2 2
1 3 3
1 4 4
2 1 4
2 2 4
2 3 3
2 4 4
1 1 1
1 2 0
1 3 1
1 4 1
1 5 1
1 6 1
1 7 1
1 8 0
1 9 1
1 10 1
2 1 0
2 2 1
2 3 1
2 4 1
2 5 0
2 6 0
2 7 1
2 8 1
2 9 1
2 10 1
3 1 0
3 2 0
3 3 0
3 4 1
3 5 0
3 6 1
3 7 1
3 8 0
3 9 1
3 10 1
1 0.2
2 0.5333333333333333
3 0.7333333333333333
4 1.0
5 0.2
6 0.4666666666666667
7 1.0
8 0.5333333333333333
9 1.0
10 1.0
